7 0 0
9 0 1
10 0 2
12 0 3
17 0 4
18 0 5
19 0 6
20 0 7
21 0 8
29 0 9
30 0 10
40 0 11
41 0 12
42 0 13
43 0 14
0 1 15
1 1 16
2 1 17
3 1 18
5 1 19
6 1 20
7 1 21
8 1 22
9 1 23
10 1 24
11 1 25
12 1 26
13 1 27
14 1 28
18 1 29
19 1 30
20 1 31
23 1 32
28 1 33
29 1 34
30 1 35
31 1 36
37 1 37
38 1 38
39 1 39
40 1 40
41 1 41
42 1 42
43 1 43
44 1 44
45 1 45
46 1 46
47 1 47
48 1 48
49 1 49
50 1 50
51 1 51
0 2 52
1 2 53
2 2 54
3 2 55
4 2 56
5 2 57
6 2 58
7 2 59
8 2 60
9 2 61
10 2 62
11 2 63
15 2 64
18 2 65
27 2 66
28 2 67
29 2 68
30 2 69
32 2 70
33 2 71
34 2 72
35 2 73
36 2 74
37 2 75
38 2 76
39 2 77
40 2 78
41 2 79
42 2 80
43 2 81
44 2 82
45 2 83
46 2 84
47 2 85
48 2 86
49 2 87
50 2 88
51 2 89
52 2 90
1 3 91
2 3 92
3 3 93
4 3 94
5 3 95
6 3 96
7 3 97
8 3 98
9 3 99
10 3 100
11 3 101
12 3 102
14 3 103
24 3 104
28 3 105
30 3 106
31 3 107
32 3 108
33 3 109
34 3 110
35 3 111
36 3 112
37 3 113
38 3 114
39 3 115
40 3 116
41 3 117
42 3 118
43 3 119
44 3 120
45 3 121
46 3 122
47 3 123
48 3 124
49 3 125
5 4 126
6 4 127
7 4 128
8 4 129
9 4 130
10 4 131
11 4 132
12 4 133
13 4 134
14 4 135
15 4 136
16 4 137
23 4 138
24 4 139
27 4 140
29 4 141
30 4 142
31 4 143
32 4 144
33 4 145
34 4 146
35 4 147
36 4 148
37 4 149
38 4 150
39 4 151
40 4 152
41 4 153
42 4 154
43 4 155
44 4 156
45 4 157
46 4 158
47 4 159
6 5 160
7 5 161
8 5 162
9 5 163
10 5 164
11 5 165
12 5 166
13 5 167
14 5 168
25 5 169
26 5 170
27 5 171
28 5 172
29 5 173
30 5 174
31 5 175
32 5 176
33 5 177
34 5 178
35 5 179
36 5 180
37 5 181
38 5 182
39 5 183
40 5 184
41 5 185
42 5 186
43 5 187
44 5 188
45 5 189
46 5 190
47 5 191
7 6 192
8 6 193
9 6 194
10 6 195
11 6 196
12 6 197
13 6 198
14 6 199
24 6 200
25 6 201
26 6 202
27 6 203
28 6 204
29 6 205
30 6 206
31 6 207
32 6 208
33 6 209
34 6 210
35 6 211
36 6 212
37 6 213
38 6 214
39 6 215
40 6 216
41 6 217
42 6 218
43 6 219
44 6 220
45 6 221
46 6 222
49 6 223
7 7 224
8 7 225
9 7 226
10 7 227
11 7 228
12 7 229
13 7 230
24 7 231
25 7 232
27 7 233
29 7 234
31 7 235
32 7 236
33 7 237
34 7 238
35 7 239
36 7 240
37 7 241
38 7 242
39 7 243
40 7 244
41 7 245
42 7 246
43 7 247
44 7 248
46 7 249
49 7 250
8 8 251
9 8 252
10 8 253
11 8 254
12 8 255
25 8 256
32 8 257
33 8 258
34 8 259
35 8 260
36 8 261
37 8 262
38 8 263
39 8 264
40 8 265
41 8 266
42 8 267
43 8 268
44 8 269
48 8 270
8 9 271
9 9 272
10 9 273
25 9 274
26 9 275
27 9 276
28 9 277
29 9 278
31 9 279
32 9 280
33 9 281
36 9 282
37 9 283
38 9 284
39 9 285
40 9 286
41 9 287
42 9 288
43 9 289
44 9 290
9 10 291
10 10 292
24 10 293
25 10 294
26 10 295
27 10 296
28 10 297
29 10 298
30 10 299
32 10 300
33 10 301
34 10 302
35 10 303
37 10 304
38 10 305
39 10 306
41 10 307
42 10 308
10 11 309
11 11 310
23 11 311
24 11 312
25 11 313
26 11 314
27 11 315
28 11 316
29 11 317
30 11 318
31 11 319
33 11 320
34 11 321
37 11 322
38 11 323
42 11 324
46 11 325
12 12 326
13 12 327
14 12 328
15 12 329
23 12 330
24 12 331
25 12 332
26 12 333
27 12 334
28 12 335
29 12 336
30 12 337
31 12 338
32 12 339
38 12 340
13 13 341
14 13 342
15 13 343
16 13 344
23 13 345
24 13 346
25 13 347
26 13 348
27 13 349
28 13 350
29 13 351
30 13 352
31 13 353
32 13 354
41 13 355
42 13 356
45 13 357
12 14 358
13 14 359
14 14 360
15 14 361
16 14 362
17 14 363
18 14 364
25 14 365
26 14 366
27 14 367
28 14 368
29 14 369
30 14 370
31 14 371
32 14 372
42 14 373
43 14 374
47 14 375
48 14 376
13 15 377
14 15 378
15 15 379
16 15 380
17 15 381
18 15 382
19 15 383
27 15 384
28 15 385
29 15 386
30 15 387
31 15 388
43 15 389
44 15 390
45 15 391
46 15 392
48 15 393
49 15 394
13 16 395
14 16 396
15 16 397
16 16 398
17 16 399
18 16 400
27 16 401
28 16 402
29 16 403
30 16 404
31 16 405
14 17 406
15 17 407
16 17 408
17 17 409
18 17 410
28 17 411
29 17 412
30 17 413
31 17 414
45 17 415
46 17 416
47 17 417
48 17 418
14 18 419
15 18 420
16 18 421
17 18 422
28 18 423
29 18 424
30 18 425
44 18 426
45 18 427
46 18 428
47 18 429
48 18 430
49 18 431
14 19 432
15 19 433
16 19 434
28 19 435
29 19 436
30 19 437
44 19 438
45 19 439
46 19 440
47 19 441
48 19 442
49 19 443
50 19 444
13 20 445
14 20 446
15 20 447
28 20 448
29 20 449
32 20 450
44 20 451
45 20 452
46 20 453
47 20 454
48 20 455
49 20 456
50 20 457
13 21 458
14 21 459
28 21 460
29 21 461
48 21 462
49 21 463
52 21 464
13 22 465
14 22 466
49 22 467
52 22 468
14 23 469
51 23 470