3 8 0
3 7 1
3 6 2
3 5 3
3 4 4
3 3 5
3 2 6
3 1 7
3 0 8
3 26 9
3 27 10
4 3 11
4 2 12
4 1 13
4 0 14
3 9 15
3 10 16
3 11 17
3 12 18
3 13 19
3 14 20
3 15 21
3 16 22
3 17 23
3 18 24
3 19 25
3 20 26
3 21 27
3 22 28
3 23 29
3 24 30
3 25 31
3 32 32
3 31 33
3 30 34
3 29 35
3 28 36
4 4 37
4 5 38
4 6 39
4 7 40
4 8 41
4 9 42
4 10 43
4 11 44
4 12 45
4 13 46
4 14 47
4 15 48
4 16 49
4 17 50
4 17 51
0 0 52
0 1 53
0 2 54
0 3 55
0 4 56
0 5 57
0 6 58
0 7 59
0 8 60
0 9 61
0 10 62
0 11 63
0 12 64
0 13 65
3 33 66
3 34 67
3 35 68
3 36 69
4 39 70
4 38 71
4 37 72
4 36 73
4 35 74
4 34 75
4 33 76
4 32 77
4 31 78
4 30 79
4 29 80
4 28 81
4 27 82
4 26 83
4 25 84
4 24 85
4 23 86
4 22 87
4 21 88
4 20 89
4 19 90
0 26 91
0 25 92
0 24 93
0 23 94
0 22 95
0 21 96
0 20 97
0 19 98
0 18 99
0 17 100
0 16 101
0 15 102
0 14 103
3 38 104
3 37 105
4 40 106
4 41 107
4 42 108
4 43 109
4 44 110
4 45 111
4 46 112
4 47 113
4 48 114
4 49 115
4 50 116
4 51 117
4 52 118
4 53 119
4 54 120
4 55 121
4 56 122
4 57 123
4 58 124
4 59 125
0 27 126
0 28 127
0 29 128
0 30 129
0 31 130
0 32 131
0 33 132
0 34 133
0 35 134
0 36 135
0 37 136
0 38 137
3 39 138
3 40 139
3 41 140
3 42 141
3 43 142
5 63 143
5 62 144
5 61 145
5 60 146
5 59 147
5 58 148
5 57 149
5 56 150
5 55 151
5 54 152
5 53 153
5 52 154
5 51 155
5 50 156
5 49 157
5 48 158
5 47 159
0 47 160
0 46 161
0 45 162
0 44 163
0 43 164
0 42 165
0 41 166
0 40 167
0 39 168
5 24 169
5 25 170
5 26 171
5 27 172
5 28 173
5 29 174
5 30 175
5 31 176
5 32 177
5 33 178
5 34 179
5 35 180
5 36 181
5 37 182
5 38 183
5 39 184
5 40 185
5 41 186
5 42 187
5 43 188
5 44 189
5 45 190
5 46 191
0 48 192
0 49 193
0 50 194
0 51 195
0 52 196
0 53 197
0 54 198
0 55 199
5 23 200
5 22 201
5 21 202
5 20 203
5 19 204
5 18 205
5 17 206
5 16 207
5 15 208
5 14 209
5 13 210
5 12 211
5 11 212
5 10 213
5 9 214
5 8 215
5 7 216
5 6 217
5 5 218
5 4 219
5 3 220
5 2 221
5 1 222
5 0 223
0 62 224
0 61 225
0 60 226
0 59 227
0 58 228
0 57 229
0 56 230
6 51 231
6 50 232
6 49 233
6 48 234
6 47 235
6 46 236
6 45 237
6 44 238
6 43 239
6 42 240
6 41 241
6 40 242
6 39 243
6 38 244
6 37 245
6 36 246
6 35 247
6 34 248
6 33 249
6 32 250
1 59 251
1 58 252
1 57 253
1 56 254
1 55 255
6 17 256
6 18 257
6 19 258
6 20 259
6 21 260
6 22 261
6 23 262
6 24 263
6 25 264
6 26 265
6 27 266
6 28 267
6 29 268
6 30 269
6 31 270
1 52 271
1 53 272
1 54 273
6 16 274
6 15 275
6 14 276
6 13 277
6 12 278
6 11 279
6 10 280
6 9 281
6 8 282
6 7 283
6 6 284
6 5 285
6 4 286
6 3 287
6 2 288
6 1 289
6 0 290
1 51 291
1 50 292
7 63 293
7 62 294
7 61 295
7 60 296
7 59 297
7 58 298
7 57 299
7 56 300
7 55 301
7 54 302
7 53 303
7 52 304
7 51 305
7 50 306
7 49 307
7 48 308
1 48 309
1 49 310
2 53 311
2 54 312
2 55 313
2 56 314
2 57 315
2 58 316
2 59 317
2 60 318
2 61 319
2 62 320
2 63 321
7 44 322
7 45 323
7 46 324
7 47 325
1 47 326
1 46 327
1 45 328
1 44 329
2 52 330
2 51 331
2 50 332
2 49 333
2 48 334
2 47 335
2 46 336
2 45 337
2 44 338
2 43 339
7 43 340
1 40 341
1 41 342
1 42 343
1 43 344
2 33 345
2 34 346
2 35 347
2 36 348
2 37 349
2 38 350
2 39 351
2 40 352
2 41 353
2 42 354
7 40 355
7 41 356
7 42 357
1 39 358
1 38 359
1 37 360
1 36 361
1 35 362
1 34 363
1 33 364
2 32 365
2 31 366
2 30 367
2 29 368
2 28 369
2 27 370
2 26 371
2 25 372
7 39 373
7 38 374
7 37 375
7 36 376
1 26 377
1 27 378
1 28 379
1 29 380
1 30 381
1 31 382
1 32 383
2 20 384
2 21 385
2 22 386
2 23 387
2 24 388
7 30 389
7 31 390
7 32 391
7 33 392
7 34 393
7 35 394
1 25 395
1 24 396
1 23 397
1 22 398
1 21 399
1 20 400
2 19 401
2 18 402
2 17 403
2 16 404
2 15 405
1 15 406
1 16 407
1 17 408
1 18 409
1 19 410
2 11 411
2 12 412
2 13 413
2 14 414
7 29 415
7 28 416
7 27 417
7 26 418
1 14 419
1 13 420
1 12 421
1 11 422
2 10 423
2 9 424
2 8 425
7 20 426
7 21 427
7 22 428
7 23 429
7 24 430
7 25 431
1 8 432
1 9 433
1 10 434
2 5 435
2 6 436
2 7 437
7 19 438
7 18 439
7 17 440
7 16 441
7 15 442
7 14 443
7 13 444
1 7 445
1 6 446
1 5 447
2 4 448
2 3 449
2 2 450
7 6 451
7 7 452
7 8 453
7 9 454
7 10 455
7 11 456
7 12 457
1 3 458
1 4 459
2 0 460
2 1 461
7 5 462
7 4 463
7 3 464
1 2 465
1 1 466
7 1 467
7 2 468
1 0 469
7 0 470